"","V1","V2","V3","V4","V5","V6"
"1",0.188888888888889,0.138888888888889,0.138888888888889,0.155555555555556,0.238888888888889,0.138888888888889
"2",0.15819209039548,0.175141242937853,0.141242937853107,0.15819209039548,0.192090395480226,0.175141242937853
"3",0.155555555555556,0.155555555555556,0.188888888888889,0.155555555555556,0.155555555555556,0.188888888888889
"4",0.136612021857924,0.234972677595628,0.136612021857924,0.185792349726776,0.136612021857924,0.169398907103825
"5",0.155555555555556,0.138888888888889,0.222222222222222,0.155555555555556,0.155555555555556,0.172222222222222
"6",0.16374269005848,0.16374269005848,0.16374269005848,0.181286549707602,0.146198830409357,0.181286549707602
"7",0.160919540229885,0.14367816091954,0.17816091954023,0.17816091954023,0.160919540229885,0.17816091954023
"8",0.157232704402516,0.157232704402516,0.176100628930818,0.176100628930818,0.157232704402516,0.176100628930818
"9",0.141242937853107,0.15819209039548,0.175141242937853,0.192090395480226,0.175141242937853,0.15819209039548
"10",0.130208333333333,0.130208333333333,0.161458333333333,0.145833333333333,0.302083333333333,0.130208333333333
"11",0.166666666666667,0.148809523809524,0.166666666666667,0.202380952380952,0.148809523809524,0.166666666666667
"12",0.17816091954023,0.195402298850575,0.14367816091954,0.160919540229885,0.17816091954023,0.14367816091954
"13",0.16374269005848,0.198830409356725,0.16374269005848,0.146198830409357,0.181286549707602,0.146198830409357
"14",0.166666666666667,0.148809523809524,0.166666666666667,0.166666666666667,0.202380952380952,0.148809523809524
"15",0.166666666666667,0.148809523809524,0.18452380952381,0.166666666666667,0.166666666666667,0.166666666666667
"16",0.17816091954023,0.14367816091954,0.195402298850575,0.195402298850575,0.14367816091954,0.14367816091954
"17",0.15819209039548,0.141242937853107,0.15819209039548,0.15819209039548,0.15819209039548,0.225988700564972
"18",0.155555555555556,0.188888888888889,0.205555555555556,0.155555555555556,0.138888888888889,0.155555555555556
"19",0.146198830409357,0.146198830409357,0.146198830409357,0.216374269005848,0.198830409356725,0.146198830409357
"20",0.182795698924731,0.134408602150538,0.150537634408602,0.150537634408602,0.247311827956989,0.134408602150538
"21",0.195402298850575,0.160919540229885,0.160919540229885,0.14367816091954,0.17816091954023,0.160919540229885
"22",0.14367816091954,0.160919540229885,0.14367816091954,0.14367816091954,0.247126436781609,0.160919540229885
"23",0.166666666666667,0.18452380952381,0.148809523809524,0.148809523809524,0.18452380952381,0.166666666666667
"24",0.146198830409357,0.181286549707602,0.216374269005848,0.146198830409357,0.146198830409357,0.16374269005848
"25",0.153005464480874,0.169398907103825,0.136612021857924,0.251366120218579,0.136612021857924,0.153005464480874
"26",0.154320987654321,0.191358024691358,0.17283950617284,0.17283950617284,0.154320987654321,0.154320987654321
"27",0.172222222222222,0.138888888888889,0.188888888888889,0.172222222222222,0.138888888888889,0.188888888888889
"28",0.151515151515152,0.151515151515152,0.224242424242424,0.151515151515152,0.151515151515152,0.16969696969697
"29",0.148809523809524,0.220238095238095,0.166666666666667,0.148809523809524,0.148809523809524,0.166666666666667
"30",0.175141242937853,0.141242937853107,0.15819209039548,0.15819209039548,0.192090395480226,0.175141242937853
"31",0.141242937853107,0.175141242937853,0.175141242937853,0.225988700564972,0.141242937853107,0.141242937853107
"32",0.16025641025641,0.16025641025641,0.16025641025641,0.198717948717949,0.16025641025641,0.16025641025641
"33",0.161458333333333,0.192708333333333,0.192708333333333,0.145833333333333,0.177083333333333,0.130208333333333
"34",0.263440860215054,0.166666666666667,0.134408602150538,0.150537634408602,0.134408602150538,0.150537634408602
"35",0.175141242937853,0.175141242937853,0.209039548022599,0.15819209039548,0.141242937853107,0.141242937853107
"36",0.138888888888889,0.222222222222222,0.172222222222222,0.138888888888889,0.138888888888889,0.188888888888889
"37",0.154320987654321,0.154320987654321,0.191358024691358,0.17283950617284,0.154320987654321,0.17283950617284
"38",0.154320987654321,0.154320987654321,0.209876543209877,0.154320987654321,0.154320987654321,0.17283950617284
"39",0.141242937853107,0.15819209039548,0.175141242937853,0.141242937853107,0.225988700564972,0.15819209039548
"40",0.195402298850575,0.14367816091954,0.14367816091954,0.160919540229885,0.160919540229885,0.195402298850575
"41",0.161458333333333,0.161458333333333,0.145833333333333,0.130208333333333,0.223958333333333,0.177083333333333
"42",0.255555555555556,0.138888888888889,0.138888888888889,0.155555555555556,0.172222222222222,0.138888888888889
"43",0.216374269005848,0.181286549707602,0.146198830409357,0.146198830409357,0.16374269005848,0.146198830409357
"44",0.177083333333333,0.145833333333333,0.161458333333333,0.192708333333333,0.161458333333333,0.161458333333333
"45",0.17816091954023,0.195402298850575,0.160919540229885,0.17816091954023,0.14367816091954,0.14367816091954
"46",0.146198830409357,0.146198830409357,0.181286549707602,0.198830409356725,0.146198830409357,0.181286549707602
"47",0.148809523809524,0.166666666666667,0.220238095238095,0.148809523809524,0.166666666666667,0.148809523809524
"48",0.148148148148148,0.17989417989418,0.227513227513228,0.148148148148148,0.132275132275132,0.164021164021164
"49",0.228395061728395,0.154320987654321,0.154320987654321,0.154320987654321,0.154320987654321,0.154320987654321
"50",0.17816091954023,0.195402298850575,0.14367816091954,0.14367816091954,0.160919540229885,0.17816091954023
"51",0.136612021857924,0.202185792349727,0.202185792349727,0.136612021857924,0.169398907103825,0.153005464480874
"52",0.148809523809524,0.148809523809524,0.220238095238095,0.148809523809524,0.18452380952381,0.148809523809524
"53",0.155555555555556,0.222222222222222,0.155555555555556,0.188888888888889,0.138888888888889,0.138888888888889
"54",0.154320987654321,0.191358024691358,0.154320987654321,0.191358024691358,0.154320987654321,0.154320987654321
"55",0.209039548022599,0.141242937853107,0.15819209039548,0.141242937853107,0.141242937853107,0.209039548022599
"56",0.17989417989418,0.211640211640212,0.132275132275132,0.148148148148148,0.164021164021164,0.164021164021164
"57",0.145833333333333,0.145833333333333,0.145833333333333,0.192708333333333,0.208333333333333,0.161458333333333
"58",0.146198830409357,0.16374269005848,0.146198830409357,0.181286549707602,0.198830409356725,0.16374269005848
"59",0.157232704402516,0.157232704402516,0.176100628930818,0.19496855345912,0.157232704402516,0.157232704402516
"60",0.157232704402516,0.157232704402516,0.176100628930818,0.157232704402516,0.157232704402516,0.19496855345912
"61",0.154320987654321,0.154320987654321,0.154320987654321,0.154320987654321,0.228395061728395,0.154320987654321
"62",0.150537634408602,0.182795698924731,0.166666666666667,0.198924731182796,0.150537634408602,0.150537634408602
"63",0.169398907103825,0.136612021857924,0.136612021857924,0.185792349726776,0.185792349726776,0.185792349726776
"64",0.155555555555556,0.138888888888889,0.155555555555556,0.155555555555556,0.172222222222222,0.222222222222222
"65",0.169398907103825,0.153005464480874,0.169398907103825,0.218579234972678,0.153005464480874,0.136612021857924
"66",0.141242937853107,0.141242937853107,0.141242937853107,0.192090395480226,0.225988700564972,0.15819209039548
"67",0.151515151515152,0.16969696969697,0.187878787878788,0.151515151515152,0.151515151515152,0.187878787878788
"68",0.15819209039548,0.141242937853107,0.141242937853107,0.225988700564972,0.15819209039548,0.175141242937853
"69",0.148809523809524,0.220238095238095,0.166666666666667,0.148809523809524,0.148809523809524,0.166666666666667
"70",0.264367816091954,0.14367816091954,0.160919540229885,0.14367816091954,0.14367816091954,0.14367816091954
"71",0.176100628930818,0.157232704402516,0.19496855345912,0.157232704402516,0.157232704402516,0.157232704402516
"72",0.16025641025641,0.179487179487179,0.179487179487179,0.16025641025641,0.16025641025641,0.16025641025641
"73",0.16025641025641,0.16025641025641,0.16025641025641,0.16025641025641,0.198717948717949,0.16025641025641
"74",0.148809523809524,0.148809523809524,0.148809523809524,0.148809523809524,0.238095238095238,0.166666666666667
"75",0.198830409356725,0.146198830409357,0.146198830409357,0.146198830409357,0.181286549707602,0.181286549707602
"76",0.157232704402516,0.176100628930818,0.176100628930818,0.176100628930818,0.157232704402516,0.157232704402516
"77",0.169398907103825,0.169398907103825,0.153005464480874,0.234972677595628,0.136612021857924,0.136612021857924
"78",0.216374269005848,0.181286549707602,0.16374269005848,0.146198830409357,0.146198830409357,0.146198830409357
"79",0.138888888888889,0.172222222222222,0.205555555555556,0.172222222222222,0.172222222222222,0.138888888888889
"80",0.166666666666667,0.166666666666667,0.148809523809524,0.18452380952381,0.18452380952381,0.148809523809524
"81",0.157232704402516,0.157232704402516,0.176100628930818,0.19496855345912,0.157232704402516,0.157232704402516
"82",0.138888888888889,0.155555555555556,0.222222222222222,0.155555555555556,0.155555555555556,0.172222222222222
"83",0.16969696969697,0.187878787878788,0.16969696969697,0.16969696969697,0.151515151515152,0.151515151515152
"84",0.16374269005848,0.16374269005848,0.181286549707602,0.16374269005848,0.16374269005848,0.16374269005848
"85",0.209876543209877,0.154320987654321,0.17283950617284,0.154320987654321,0.154320987654321,0.154320987654321
"86",0.14367816091954,0.229885057471264,0.160919540229885,0.14367816091954,0.14367816091954,0.17816091954023
"87",0.175141242937853,0.192090395480226,0.141242937853107,0.175141242937853,0.141242937853107,0.175141242937853
"88",0.16025641025641,0.179487179487179,0.179487179487179,0.16025641025641,0.16025641025641,0.16025641025641
"89",0.136612021857924,0.202185792349727,0.136612021857924,0.153005464480874,0.218579234972678,0.153005464480874
"90",0.155555555555556,0.155555555555556,0.188888888888889,0.172222222222222,0.172222222222222,0.155555555555556
"91",0.176100628930818,0.157232704402516,0.19496855345912,0.157232704402516,0.157232704402516,0.157232704402516
"92",0.172222222222222,0.155555555555556,0.138888888888889,0.172222222222222,0.205555555555556,0.155555555555556
"93",0.154320987654321,0.17283950617284,0.154320987654321,0.191358024691358,0.17283950617284,0.154320987654321
"94",0.166666666666667,0.150537634408602,0.150537634408602,0.182795698924731,0.182795698924731,0.166666666666667
"95",0.174358974358974,0.18974358974359,0.143589743589744,0.143589743589744,0.18974358974359,0.158974358974359
"96",0.153005464480874,0.136612021857924,0.136612021857924,0.169398907103825,0.234972677595628,0.169398907103825
"97",0.138888888888889,0.138888888888889,0.222222222222222,0.155555555555556,0.205555555555556,0.138888888888889
"98",0.311827956989247,0.134408602150538,0.134408602150538,0.150537634408602,0.134408602150538,0.134408602150538
"99",0.151515151515152,0.187878787878788,0.16969696969697,0.187878787878788,0.151515151515152,0.151515151515152
"100",0.176100628930818,0.157232704402516,0.176100628930818,0.157232704402516,0.176100628930818,0.157232704402516
"101",0.138888888888889,0.138888888888889,0.172222222222222,0.188888888888889,0.188888888888889,0.172222222222222
"102",0.151515151515152,0.151515151515152,0.187878787878788,0.187878787878788,0.16969696969697,0.151515151515152
"103",0.132275132275132,0.132275132275132,0.132275132275132,0.132275132275132,0.132275132275132,0.338624338624339
"104",0.151515151515152,0.151515151515152,0.151515151515152,0.187878787878788,0.16969696969697,0.187878787878788
"105",0.16025641025641,0.16025641025641,0.179487179487179,0.16025641025641,0.179487179487179,0.16025641025641
"106",0.220238095238095,0.18452380952381,0.148809523809524,0.148809523809524,0.148809523809524,0.148809523809524
"107",0.18452380952381,0.148809523809524,0.166666666666667,0.148809523809524,0.18452380952381,0.166666666666667
"108",0.143589743589744,0.143589743589744,0.158974358974359,0.158974358974359,0.220512820512821,0.174358974358974
"109",0.160919540229885,0.14367816091954,0.14367816091954,0.160919540229885,0.160919540229885,0.229885057471264
"110",0.14367816091954,0.160919540229885,0.160919540229885,0.229885057471264,0.14367816091954,0.160919540229885
"111",0.234972677595628,0.169398907103825,0.169398907103825,0.153005464480874,0.136612021857924,0.136612021857924
"112",0.160919540229885,0.160919540229885,0.229885057471264,0.14367816091954,0.160919540229885,0.14367816091954
"113",0.160919540229885,0.21264367816092,0.160919540229885,0.160919540229885,0.160919540229885,0.14367816091954
"114",0.15819209039548,0.141242937853107,0.209039548022599,0.192090395480226,0.15819209039548,0.141242937853107
"115",0.138888888888889,0.138888888888889,0.138888888888889,0.138888888888889,0.288888888888889,0.155555555555556
"116",0.148809523809524,0.166666666666667,0.202380952380952,0.148809523809524,0.166666666666667,0.166666666666667
"117",0.16025641025641,0.16025641025641,0.179487179487179,0.179487179487179,0.16025641025641,0.16025641025641
"118",0.153005464480874,0.218579234972678,0.153005464480874,0.169398907103825,0.153005464480874,0.153005464480874
"119",0.160919540229885,0.17816091954023,0.14367816091954,0.160919540229885,0.195402298850575,0.160919540229885
"120",0.148809523809524,0.18452380952381,0.166666666666667,0.202380952380952,0.148809523809524,0.148809523809524
"121",0.15819209039548,0.192090395480226,0.15819209039548,0.141242937853107,0.192090395480226,0.15819209039548
"122",0.172222222222222,0.138888888888889,0.172222222222222,0.188888888888889,0.188888888888889,0.138888888888889
"123",0.15819209039548,0.209039548022599,0.192090395480226,0.15819209039548,0.141242937853107,0.141242937853107
"124",0.155555555555556,0.172222222222222,0.155555555555556,0.155555555555556,0.172222222222222,0.188888888888889
"125",0.14367816091954,0.247126436781609,0.14367816091954,0.14367816091954,0.160919540229885,0.160919540229885
"126",0.154320987654321,0.154320987654321,0.17283950617284,0.17283950617284,0.191358024691358,0.154320987654321
"127",0.138888888888889,0.155555555555556,0.155555555555556,0.155555555555556,0.205555555555556,0.188888888888889
"128",0.148809523809524,0.148809523809524,0.166666666666667,0.166666666666667,0.202380952380952,0.166666666666667
"129",0.136612021857924,0.169398907103825,0.153005464480874,0.202185792349727,0.153005464480874,0.185792349726776
"130",0.151515151515152,0.151515151515152,0.206060606060606,0.16969696969697,0.16969696969697,0.151515151515152
"131",0.154320987654321,0.17283950617284,0.17283950617284,0.17283950617284,0.17283950617284,0.154320987654321
"132",0.16374269005848,0.181286549707602,0.146198830409357,0.181286549707602,0.181286549707602,0.146198830409357
"133",0.138888888888889,0.155555555555556,0.205555555555556,0.188888888888889,0.138888888888889,0.172222222222222
"134",0.17816091954023,0.14367816091954,0.17816091954023,0.160919540229885,0.195402298850575,0.14367816091954
"135",0.16969696969697,0.187878787878788,0.151515151515152,0.187878787878788,0.151515151515152,0.151515151515152
"136",0.17283950617284,0.17283950617284,0.17283950617284,0.17283950617284,0.154320987654321,0.154320987654321
"137",0.151515151515152,0.187878787878788,0.206060606060606,0.151515151515152,0.151515151515152,0.151515151515152
"138",0.146198830409357,0.16374269005848,0.181286549707602,0.16374269005848,0.181286549707602,0.16374269005848
"139",0.17816091954023,0.195402298850575,0.14367816091954,0.17816091954023,0.160919540229885,0.14367816091954
"140",0.160919540229885,0.17816091954023,0.14367816091954,0.160919540229885,0.195402298850575,0.160919540229885
"141",0.172222222222222,0.172222222222222,0.172222222222222,0.172222222222222,0.172222222222222,0.138888888888889
"142",0.153005464480874,0.185792349726776,0.136612021857924,0.153005464480874,0.153005464480874,0.218579234972678
"143",0.148809523809524,0.18452380952381,0.148809523809524,0.166666666666667,0.18452380952381,0.166666666666667
"144",0.14367816091954,0.14367816091954,0.17816091954023,0.195402298850575,0.160919540229885,0.17816091954023
"145",0.163398692810458,0.183006535947712,0.163398692810458,0.163398692810458,0.163398692810458,0.163398692810458
"146",0.148809523809524,0.18452380952381,0.166666666666667,0.148809523809524,0.166666666666667,0.18452380952381
"147",0.153005464480874,0.169398907103825,0.251366120218579,0.153005464480874,0.136612021857924,0.136612021857924
"148",0.14367816091954,0.14367816091954,0.247126436781609,0.17816091954023,0.14367816091954,0.14367816091954
"149",0.14367816091954,0.17816091954023,0.195402298850575,0.14367816091954,0.14367816091954,0.195402298850575
"150",0.153005464480874,0.136612021857924,0.185792349726776,0.185792349726776,0.169398907103825,0.169398907103825
"151",0.172222222222222,0.172222222222222,0.188888888888889,0.155555555555556,0.155555555555556,0.155555555555556
"152",0.14367816091954,0.14367816091954,0.195402298850575,0.160919540229885,0.17816091954023,0.17816091954023
"153",0.141242937853107,0.15819209039548,0.225988700564972,0.15819209039548,0.141242937853107,0.175141242937853
"154",0.145833333333333,0.130208333333333,0.161458333333333,0.145833333333333,0.286458333333333,0.130208333333333
"155",0.205555555555556,0.155555555555556,0.138888888888889,0.138888888888889,0.188888888888889,0.172222222222222
"156",0.169398907103825,0.202185792349727,0.153005464480874,0.185792349726776,0.153005464480874,0.136612021857924
"157",0.154320987654321,0.154320987654321,0.17283950617284,0.191358024691358,0.154320987654321,0.17283950617284
"158",0.16025641025641,0.16025641025641,0.179487179487179,0.179487179487179,0.16025641025641,0.16025641025641
"159",0.148809523809524,0.148809523809524,0.148809523809524,0.202380952380952,0.18452380952381,0.166666666666667
"160",0.14367816091954,0.14367816091954,0.160919540229885,0.14367816091954,0.229885057471264,0.17816091954023
"161",0.150537634408602,0.198924731182796,0.134408602150538,0.150537634408602,0.21505376344086,0.150537634408602
"162",0.17816091954023,0.160919540229885,0.17816091954023,0.14367816091954,0.17816091954023,0.160919540229885
"163",0.153005464480874,0.169398907103825,0.202185792349727,0.136612021857924,0.185792349726776,0.153005464480874
"164",0.198924731182796,0.134408602150538,0.150537634408602,0.150537634408602,0.231182795698925,0.134408602150538
"165",0.16374269005848,0.198830409356725,0.181286549707602,0.146198830409357,0.16374269005848,0.146198830409357
"166",0.155555555555556,0.188888888888889,0.155555555555556,0.205555555555556,0.155555555555556,0.138888888888889
"167",0.18452380952381,0.18452380952381,0.148809523809524,0.166666666666667,0.166666666666667,0.148809523809524
"168",0.16374269005848,0.146198830409357,0.181286549707602,0.146198830409357,0.16374269005848,0.198830409356725
"169",0.151515151515152,0.187878787878788,0.16969696969697,0.151515151515152,0.151515151515152,0.187878787878788
"170",0.155555555555556,0.138888888888889,0.205555555555556,0.188888888888889,0.155555555555556,0.155555555555556
"171",0.166666666666667,0.220238095238095,0.166666666666667,0.148809523809524,0.148809523809524,0.148809523809524
"172",0.160919540229885,0.17816091954023,0.160919540229885,0.17816091954023,0.160919540229885,0.160919540229885
"173",0.14367816091954,0.14367816091954,0.17816091954023,0.14367816091954,0.195402298850575,0.195402298850575
"174",0.138888888888889,0.172222222222222,0.172222222222222,0.222222222222222,0.155555555555556,0.138888888888889
"175",0.148809523809524,0.166666666666667,0.18452380952381,0.166666666666667,0.166666666666667,0.166666666666667
"176",0.155555555555556,0.172222222222222,0.172222222222222,0.138888888888889,0.222222222222222,0.138888888888889
"177",0.15819209039548,0.209039548022599,0.141242937853107,0.15819209039548,0.15819209039548,0.175141242937853
"178",0.182795698924731,0.166666666666667,0.166666666666667,0.166666666666667,0.150537634408602,0.166666666666667
"179",0.141242937853107,0.15819209039548,0.175141242937853,0.15819209039548,0.192090395480226,0.175141242937853
"180",0.176100628930818,0.19496855345912,0.157232704402516,0.157232704402516,0.157232704402516,0.157232704402516
"181",0.172222222222222,0.172222222222222,0.155555555555556,0.155555555555556,0.172222222222222,0.172222222222222
"182",0.155555555555556,0.138888888888889,0.188888888888889,0.172222222222222,0.155555555555556,0.188888888888889
"183",0.238095238095238,0.148809523809524,0.166666666666667,0.148809523809524,0.148809523809524,0.148809523809524
"184",0.16969696969697,0.151515151515152,0.16969696969697,0.151515151515152,0.16969696969697,0.187878787878788
"185",0.172222222222222,0.172222222222222,0.138888888888889,0.188888888888889,0.155555555555556,0.172222222222222
"186",0.15819209039548,0.15819209039548,0.15819209039548,0.209039548022599,0.175141242937853,0.141242937853107
"187",0.154320987654321,0.154320987654321,0.228395061728395,0.154320987654321,0.154320987654321,0.154320987654321
"188",0.16374269005848,0.146198830409357,0.181286549707602,0.16374269005848,0.181286549707602,0.16374269005848
"189",0.16025641025641,0.16025641025641,0.179487179487179,0.16025641025641,0.16025641025641,0.179487179487179
"190",0.160919540229885,0.17816091954023,0.14367816091954,0.195402298850575,0.14367816091954,0.17816091954023
"191",0.155555555555556,0.155555555555556,0.138888888888889,0.205555555555556,0.172222222222222,0.172222222222222
"192",0.141242937853107,0.175141242937853,0.141242937853107,0.225988700564972,0.175141242937853,0.141242937853107
"193",0.18452380952381,0.166666666666667,0.18452380952381,0.148809523809524,0.148809523809524,0.166666666666667
"194",0.151515151515152,0.16969696969697,0.151515151515152,0.16969696969697,0.187878787878788,0.16969696969697
"195",0.192090395480226,0.141242937853107,0.141242937853107,0.192090395480226,0.141242937853107,0.192090395480226
"196",0.138888888888889,0.155555555555556,0.155555555555556,0.155555555555556,0.238888888888889,0.155555555555556
"197",0.172222222222222,0.222222222222222,0.138888888888889,0.172222222222222,0.155555555555556,0.138888888888889
"198",0.138888888888889,0.138888888888889,0.188888888888889,0.138888888888889,0.172222222222222,0.222222222222222
"199",0.138888888888889,0.172222222222222,0.222222222222222,0.155555555555556,0.155555555555556,0.155555555555556
"200",0.160919540229885,0.160919540229885,0.160919540229885,0.160919540229885,0.17816091954023,0.17816091954023
"201",0.138888888888889,0.188888888888889,0.172222222222222,0.172222222222222,0.138888888888889,0.188888888888889
"202",0.146198830409357,0.146198830409357,0.216374269005848,0.16374269005848,0.16374269005848,0.16374269005848
"203",0.151515151515152,0.16969696969697,0.16969696969697,0.16969696969697,0.16969696969697,0.16969696969697
"204",0.18452380952381,0.148809523809524,0.148809523809524,0.148809523809524,0.202380952380952,0.166666666666667
"205",0.160919540229885,0.14367816091954,0.160919540229885,0.17816091954023,0.160919540229885,0.195402298850575
"206",0.14367816091954,0.14367816091954,0.21264367816092,0.21264367816092,0.14367816091954,0.14367816091954
"207",0.172222222222222,0.138888888888889,0.155555555555556,0.172222222222222,0.155555555555556,0.205555555555556
"208",0.148809523809524,0.166666666666667,0.166666666666667,0.148809523809524,0.166666666666667,0.202380952380952
"209",0.206060606060606,0.16969696969697,0.151515151515152,0.151515151515152,0.16969696969697,0.151515151515152
"210",0.16969696969697,0.16969696969697,0.151515151515152,0.151515151515152,0.206060606060606,0.151515151515152
"211",0.130208333333333,0.161458333333333,0.192708333333333,0.145833333333333,0.145833333333333,0.223958333333333
"212",0.175141242937853,0.175141242937853,0.15819209039548,0.175141242937853,0.175141242937853,0.141242937853107
"213",0.198830409356725,0.181286549707602,0.146198830409357,0.146198830409357,0.146198830409357,0.181286549707602
"214",0.146198830409357,0.181286549707602,0.16374269005848,0.16374269005848,0.16374269005848,0.181286549707602
"215",0.16025641025641,0.16025641025641,0.179487179487179,0.179487179487179,0.16025641025641,0.16025641025641
"216",0.16969696969697,0.187878787878788,0.151515151515152,0.187878787878788,0.151515151515152,0.151515151515152
"217",0.14367816091954,0.160919540229885,0.195402298850575,0.195402298850575,0.160919540229885,0.14367816091954
"218",0.146198830409357,0.16374269005848,0.233918128654971,0.146198830409357,0.146198830409357,0.16374269005848
"219",0.169398907103825,0.136612021857924,0.202185792349727,0.136612021857924,0.153005464480874,0.202185792349727
"220",0.17816091954023,0.14367816091954,0.17816091954023,0.17816091954023,0.14367816091954,0.17816091954023
"221",0.182795698924731,0.182795698924731,0.150537634408602,0.166666666666667,0.150537634408602,0.166666666666667
"222",0.14367816091954,0.264367816091954,0.160919540229885,0.14367816091954,0.14367816091954,0.14367816091954
"223",0.16374269005848,0.181286549707602,0.16374269005848,0.181286549707602,0.146198830409357,0.16374269005848
"224",0.130208333333333,0.161458333333333,0.223958333333333,0.177083333333333,0.130208333333333,0.177083333333333
"225",0.160919540229885,0.160919540229885,0.17816091954023,0.160919540229885,0.160919540229885,0.17816091954023
"226",0.17816091954023,0.195402298850575,0.17816091954023,0.14367816091954,0.14367816091954,0.160919540229885
"227",0.14367816091954,0.21264367816092,0.17816091954023,0.14367816091954,0.160919540229885,0.160919540229885
"228",0.166666666666667,0.166666666666667,0.166666666666667,0.134408602150538,0.166666666666667,0.198924731182796
"229",0.148809523809524,0.202380952380952,0.166666666666667,0.18452380952381,0.148809523809524,0.148809523809524
"230",0.164021164021164,0.148148148148148,0.132275132275132,0.17989417989418,0.17989417989418,0.195767195767196
"231",0.16969696969697,0.151515151515152,0.151515151515152,0.187878787878788,0.151515151515152,0.187878787878788
"232",0.134408602150538,0.166666666666667,0.134408602150538,0.198924731182796,0.150537634408602,0.21505376344086
"233",0.191358024691358,0.154320987654321,0.191358024691358,0.154320987654321,0.154320987654321,0.154320987654321
"234",0.14367816091954,0.17816091954023,0.195402298850575,0.195402298850575,0.14367816091954,0.14367816091954
"235",0.172222222222222,0.138888888888889,0.188888888888889,0.155555555555556,0.138888888888889,0.205555555555556
"236",0.160919540229885,0.160919540229885,0.17816091954023,0.14367816091954,0.14367816091954,0.21264367816092
"237",0.16025641025641,0.16025641025641,0.179487179487179,0.16025641025641,0.16025641025641,0.179487179487179
"238",0.17816091954023,0.14367816091954,0.14367816091954,0.14367816091954,0.21264367816092,0.17816091954023
"239",0.216374269005848,0.16374269005848,0.16374269005848,0.16374269005848,0.146198830409357,0.146198830409357
"240",0.153005464480874,0.202185792349727,0.185792349726776,0.153005464480874,0.169398907103825,0.136612021857924
"241",0.209039548022599,0.141242937853107,0.141242937853107,0.192090395480226,0.141242937853107,0.175141242937853
"242",0.172222222222222,0.188888888888889,0.172222222222222,0.172222222222222,0.155555555555556,0.138888888888889
"243",0.154320987654321,0.17283950617284,0.17283950617284,0.17283950617284,0.154320987654321,0.17283950617284
"244",0.148809523809524,0.18452380952381,0.166666666666667,0.166666666666667,0.148809523809524,0.18452380952381
"245",0.160919540229885,0.160919540229885,0.17816091954023,0.195402298850575,0.160919540229885,0.14367816091954
"246",0.205555555555556,0.188888888888889,0.172222222222222,0.138888888888889,0.138888888888889,0.155555555555556
"247",0.155555555555556,0.138888888888889,0.138888888888889,0.205555555555556,0.188888888888889,0.172222222222222
"248",0.151515151515152,0.187878787878788,0.16969696969697,0.16969696969697,0.151515151515152,0.16969696969697
"249",0.150537634408602,0.134408602150538,0.150537634408602,0.166666666666667,0.21505376344086,0.182795698924731
"250",0.209039548022599,0.175141242937853,0.141242937853107,0.141242937853107,0.192090395480226,0.141242937853107
"251",0.130208333333333,0.145833333333333,0.270833333333333,0.145833333333333,0.161458333333333,0.145833333333333
"252",0.172222222222222,0.138888888888889,0.155555555555556,0.188888888888889,0.155555555555556,0.188888888888889
"253",0.141242937853107,0.209039548022599,0.192090395480226,0.15819209039548,0.15819209039548,0.141242937853107
"254",0.148809523809524,0.166666666666667,0.148809523809524,0.148809523809524,0.238095238095238,0.148809523809524
"255",0.202380952380952,0.166666666666667,0.166666666666667,0.148809523809524,0.148809523809524,0.166666666666667
"256",0.163398692810458,0.183006535947712,0.163398692810458,0.163398692810458,0.163398692810458,0.163398692810458
"257",0.155555555555556,0.188888888888889,0.155555555555556,0.172222222222222,0.172222222222222,0.155555555555556
"258",0.14367816091954,0.17816091954023,0.160919540229885,0.14367816091954,0.195402298850575,0.17816091954023
"259",0.157232704402516,0.157232704402516,0.176100628930818,0.157232704402516,0.157232704402516,0.19496855345912
"260",0.146198830409357,0.146198830409357,0.16374269005848,0.233918128654971,0.16374269005848,0.146198830409357
"261",0.14367816091954,0.160919540229885,0.160919540229885,0.247126436781609,0.14367816091954,0.14367816091954
"262",0.234972677595628,0.169398907103825,0.136612021857924,0.169398907103825,0.153005464480874,0.136612021857924
"263",0.177083333333333,0.177083333333333,0.192708333333333,0.130208333333333,0.161458333333333,0.161458333333333
"264",0.141242937853107,0.175141242937853,0.175141242937853,0.225988700564972,0.141242937853107,0.141242937853107
"265",0.150537634408602,0.150537634408602,0.166666666666667,0.166666666666667,0.182795698924731,0.182795698924731
"266",0.154320987654321,0.154320987654321,0.154320987654321,0.191358024691358,0.154320987654321,0.191358024691358
"267",0.176100628930818,0.176100628930818,0.157232704402516,0.157232704402516,0.157232704402516,0.176100628930818
"268",0.195402298850575,0.195402298850575,0.160919540229885,0.14367816091954,0.14367816091954,0.160919540229885
"269",0.157232704402516,0.157232704402516,0.19496855345912,0.176100628930818,0.157232704402516,0.157232704402516
"270",0.136612021857924,0.169398907103825,0.185792349726776,0.169398907103825,0.185792349726776,0.153005464480874
"271",0.138888888888889,0.172222222222222,0.222222222222222,0.188888888888889,0.138888888888889,0.138888888888889
"272",0.155555555555556,0.155555555555556,0.138888888888889,0.222222222222222,0.138888888888889,0.188888888888889
"273",0.157232704402516,0.157232704402516,0.176100628930818,0.19496855345912,0.157232704402516,0.157232704402516
"274",0.154320987654321,0.154320987654321,0.17283950617284,0.191358024691358,0.154320987654321,0.17283950617284
"275",0.128205128205128,0.143589743589744,0.143589743589744,0.205128205128205,0.235897435897436,0.143589743589744
"276",0.153005464480874,0.153005464480874,0.153005464480874,0.136612021857924,0.251366120218579,0.153005464480874
"277",0.138888888888889,0.155555555555556,0.172222222222222,0.155555555555556,0.138888888888889,0.238888888888889
"278",0.160919540229885,0.160919540229885,0.17816091954023,0.17816091954023,0.160919540229885,0.160919540229885
"279",0.172222222222222,0.172222222222222,0.138888888888889,0.222222222222222,0.155555555555556,0.138888888888889
"280",0.222222222222222,0.188888888888889,0.138888888888889,0.138888888888889,0.138888888888889,0.172222222222222
"281",0.185792349726776,0.169398907103825,0.185792349726776,0.185792349726776,0.136612021857924,0.136612021857924
"282",0.138888888888889,0.138888888888889,0.155555555555556,0.138888888888889,0.288888888888889,0.138888888888889
"283",0.169398907103825,0.136612021857924,0.153005464480874,0.136612021857924,0.185792349726776,0.218579234972678
"284",0.134408602150538,0.231182795698925,0.231182795698925,0.134408602150538,0.134408602150538,0.134408602150538
"285",0.154320987654321,0.17283950617284,0.154320987654321,0.154320987654321,0.209876543209877,0.154320987654321
"286",0.171717171717172,0.186868686868687,0.156565656565657,0.171717171717172,0.156565656565657,0.156565656565657
"287",0.151515151515152,0.16969696969697,0.151515151515152,0.16969696969697,0.187878787878788,0.16969696969697
"288",0.136612021857924,0.218579234972678,0.136612021857924,0.153005464480874,0.218579234972678,0.136612021857924
"289",0.130208333333333,0.145833333333333,0.161458333333333,0.145833333333333,0.286458333333333,0.130208333333333
"290",0.166666666666667,0.134408602150538,0.150537634408602,0.198924731182796,0.198924731182796,0.150537634408602
"291",0.16025641025641,0.16025641025641,0.179487179487179,0.16025641025641,0.16025641025641,0.179487179487179
"292",0.160919540229885,0.14367816091954,0.21264367816092,0.17816091954023,0.14367816091954,0.160919540229885
"293",0.153005464480874,0.153005464480874,0.136612021857924,0.153005464480874,0.185792349726776,0.218579234972678
"294",0.157232704402516,0.157232704402516,0.157232704402516,0.157232704402516,0.19496855345912,0.176100628930818
"295",0.136612021857924,0.153005464480874,0.153005464480874,0.153005464480874,0.251366120218579,0.153005464480874
"296",0.181286549707602,0.16374269005848,0.146198830409357,0.146198830409357,0.216374269005848,0.146198830409357
"297",0.155555555555556,0.155555555555556,0.155555555555556,0.155555555555556,0.238888888888889,0.138888888888889
"298",0.151515151515152,0.187878787878788,0.16969696969697,0.151515151515152,0.16969696969697,0.16969696969697
"299",0.195402298850575,0.17816091954023,0.17816091954023,0.14367816091954,0.14367816091954,0.160919540229885
"300",0.166666666666667,0.148809523809524,0.202380952380952,0.148809523809524,0.166666666666667,0.166666666666667
"301",0.14367816091954,0.160919540229885,0.17816091954023,0.17816091954023,0.14367816091954,0.195402298850575
"302",0.16969696969697,0.16969696969697,0.16969696969697,0.151515151515152,0.151515151515152,0.187878787878788
"303",0.148809523809524,0.148809523809524,0.18452380952381,0.220238095238095,0.148809523809524,0.148809523809524
"304",0.138888888888889,0.155555555555556,0.138888888888889,0.138888888888889,0.188888888888889,0.238888888888889
"305",0.166666666666667,0.148809523809524,0.166666666666667,0.18452380952381,0.166666666666667,0.166666666666667
"306",0.305555555555556,0.138888888888889,0.138888888888889,0.138888888888889,0.138888888888889,0.138888888888889
"307",0.166666666666667,0.166666666666667,0.18452380952381,0.18452380952381,0.148809523809524,0.148809523809524
"308",0.26775956284153,0.169398907103825,0.136612021857924,0.153005464480874,0.136612021857924,0.136612021857924
"309",0.138888888888889,0.205555555555556,0.172222222222222,0.155555555555556,0.155555555555556,0.172222222222222
"310",0.16025641025641,0.198717948717949,0.16025641025641,0.16025641025641,0.16025641025641,0.16025641025641
"311",0.155555555555556,0.155555555555556,0.138888888888889,0.172222222222222,0.172222222222222,0.205555555555556
"312",0.154320987654321,0.209876543209877,0.154320987654321,0.154320987654321,0.17283950617284,0.154320987654321
"313",0.16374269005848,0.198830409356725,0.146198830409357,0.16374269005848,0.146198830409357,0.181286549707602
"314",0.17283950617284,0.191358024691358,0.17283950617284,0.154320987654321,0.154320987654321,0.154320987654321
"315",0.138888888888889,0.222222222222222,0.188888888888889,0.155555555555556,0.138888888888889,0.155555555555556
"316",0.160919540229885,0.160919540229885,0.160919540229885,0.160919540229885,0.195402298850575,0.160919540229885
"317",0.164021164021164,0.195767195767196,0.164021164021164,0.164021164021164,0.164021164021164,0.148148148148148
"318",0.205555555555556,0.155555555555556,0.155555555555556,0.188888888888889,0.138888888888889,0.155555555555556
"319",0.176100628930818,0.157232704402516,0.157232704402516,0.19496855345912,0.157232704402516,0.157232704402516
"320",0.16374269005848,0.146198830409357,0.16374269005848,0.146198830409357,0.233918128654971,0.146198830409357
"321",0.272222222222222,0.138888888888889,0.138888888888889,0.155555555555556,0.138888888888889,0.155555555555556
"322",0.146198830409357,0.146198830409357,0.251461988304094,0.16374269005848,0.146198830409357,0.146198830409357
"323",0.160919540229885,0.17816091954023,0.14367816091954,0.14367816091954,0.229885057471264,0.14367816091954
"324",0.136612021857924,0.153005464480874,0.153005464480874,0.251366120218579,0.169398907103825,0.136612021857924
"325",0.166666666666667,0.18452380952381,0.148809523809524,0.148809523809524,0.166666666666667,0.18452380952381
"326",0.138888888888889,0.172222222222222,0.272222222222222,0.138888888888889,0.138888888888889,0.138888888888889
"327",0.166666666666667,0.166666666666667,0.166666666666667,0.148809523809524,0.202380952380952,0.148809523809524
"328",0.19496855345912,0.157232704402516,0.157232704402516,0.176100628930818,0.157232704402516,0.157232704402516
"329",0.247126436781609,0.14367816091954,0.160919540229885,0.14367816091954,0.14367816091954,0.160919540229885
"330",0.150537634408602,0.150537634408602,0.166666666666667,0.166666666666667,0.182795698924731,0.182795698924731
"331",0.185792349726776,0.153005464480874,0.202185792349727,0.153005464480874,0.153005464480874,0.153005464480874
"332",0.157232704402516,0.176100628930818,0.176100628930818,0.157232704402516,0.176100628930818,0.157232704402516
"333",0.175141242937853,0.141242937853107,0.209039548022599,0.175141242937853,0.15819209039548,0.141242937853107
"334",0.169398907103825,0.202185792349727,0.153005464480874,0.136612021857924,0.153005464480874,0.185792349726776
"335",0.155555555555556,0.155555555555556,0.138888888888889,0.172222222222222,0.188888888888889,0.188888888888889
"336",0.191358024691358,0.191358024691358,0.154320987654321,0.154320987654321,0.154320987654321,0.154320987654321
"337",0.146198830409357,0.181286549707602,0.146198830409357,0.16374269005848,0.16374269005848,0.198830409356725
"338",0.202185792349727,0.136612021857924,0.202185792349727,0.136612021857924,0.169398907103825,0.153005464480874
"339",0.188888888888889,0.138888888888889,0.188888888888889,0.172222222222222,0.155555555555556,0.155555555555556
"340",0.138888888888889,0.205555555555556,0.155555555555556,0.172222222222222,0.155555555555556,0.172222222222222
"341",0.151515151515152,0.16969696969697,0.151515151515152,0.187878787878788,0.187878787878788,0.151515151515152
"342",0.16025641025641,0.16025641025641,0.179487179487179,0.16025641025641,0.16025641025641,0.179487179487179
"343",0.14367816091954,0.21264367816092,0.195402298850575,0.160919540229885,0.14367816091954,0.14367816091954
"344",0.17283950617284,0.154320987654321,0.191358024691358,0.154320987654321,0.154320987654321,0.17283950617284
"345",0.191358024691358,0.154320987654321,0.154320987654321,0.191358024691358,0.154320987654321,0.154320987654321
"346",0.16025641025641,0.16025641025641,0.16025641025641,0.179487179487179,0.179487179487179,0.16025641025641
"347",0.138888888888889,0.155555555555556,0.172222222222222,0.155555555555556,0.205555555555556,0.172222222222222
"348",0.141242937853107,0.209039548022599,0.175141242937853,0.15819209039548,0.15819209039548,0.15819209039548
"349",0.16025641025641,0.179487179487179,0.179487179487179,0.16025641025641,0.16025641025641,0.16025641025641
"350",0.14367816091954,0.160919540229885,0.14367816091954,0.14367816091954,0.17816091954023,0.229885057471264
"351",0.138888888888889,0.222222222222222,0.172222222222222,0.172222222222222,0.138888888888889,0.155555555555556
"352",0.154320987654321,0.191358024691358,0.17283950617284,0.154320987654321,0.154320987654321,0.17283950617284
"353",0.15819209039548,0.192090395480226,0.15819209039548,0.15819209039548,0.15819209039548,0.175141242937853
"354",0.148809523809524,0.148809523809524,0.18452380952381,0.18452380952381,0.166666666666667,0.166666666666667
"355",0.153005464480874,0.234972677595628,0.136612021857924,0.153005464480874,0.153005464480874,0.169398907103825
